          marker chr       pos
1      PHM175.25   1   3554762
2     PZA02129.1   1   3733167
3     PZA00181.2   1   8351543
4     PHM13094.8   1   8353186
5     PZA00175.2   1   8558256
6     PZA00447.6   1   9052677
7     PZA00731.6   1   9304156
8     PHM1653.31   1  14959203
9     PZA00425.9   1  21468287
10    PHM13619.5   1  22253283
11    PHM4531.46   1  22892866
12    PZA02921.9   1  24941000
13     PHM835.25   1  34717646
14    PZA00192.6   1  35579277
15    PHM4597.14   1  38550041
16    PHM2177.85   1  41104668
17   PHM11000.21   1  43554656
18    PHM4313.17   1  45664075
19   PHM12323.17   1  53270773
20    PZA00328.1   1  59582044
21     PHM574.14   1  60164914
22    PZA00378.9   1  63008764
23   PZA00294.20   1  63891664
24    PHM5481.94   1  73246566
25    PZA00714.1   1  75768235
26    PHM5306.16   1  77242138
27    PHM4185.17   1  83780916
28    PHM9418.11   1  97678287
29    PZA02763.1   1 102584146
30    PHM3463.18   1 107365834
31    PZA00205.7   1 119653134
32    PHM1932.51   1 119999413
33    PZA00010.5   1 120848790
34    PZA02577.1   1 148458078
35    PHM1725.34   1 150478030
36    PZA03028.5   1 150682455
37    PHM2187.46   1 157133627
38     PHM8074.6   1 157135540
39    PHM3147.18   1 182092894
40    PHM1968.22   1 183802036
41    PHM5622.21   1 183986149
42    PHM17698.8   1 188015093
43     PHM5727.5   1 192491582
44    PHM5480.17   1 204758132
45    PHM3627.11   1 208733347
46    PHM1438.34   1 212984101
47   PZA00289.11   1 216050825
48    PHM3690.23   1 218102723
49    PZA00369.1   1 219807376
50   PHM15871.11   1 223034951
51    PZA00403.5   1 224079095
52   PZA00658.19   1 225130798
53     PHM759.24   1 226174438
54    PZA00664.3   1 228195041
55    PHM4992.10   1 237966516
56    PZA00381.3   1 238343204
57    PHM4942.12   1 241022820
58    PZA03064.6   1 249417407
59   PHM16605.19   1 251143648
60     PHM3034.3   1 256489030
61    PHM14475.7   1 257186525
62   PZA03076.10   1 259517407
63    PHM5526.25   1 262720121
64    PHM3103.47   1 266489030
65   PZA02812.43   1 268558410
66    PZA00364.2   1 269025475
67   PZA01978.23   1 277601629
68     PHM595.30   1 282796274
69    PZA02957.5   1 282796367
70   PZA00245.14   1 285522115
71   PHM18705.23   1 285650152
72    PHM13191.8   1 292517317
73    PZA00385.1   1 292796831
74   PZA00276.18   1 293150895
75    PZA00235.6   1 293795824
76    PZA00623.2   1 294729591
77   PZA02359.10   1 295018337
78     PHM9807.9   1 295427860
79    PZA00050.9   1 296575998
80   PZA00243.24   1 296891436
81    PZA00856.2   1 296905665
82    PHM7616.35   1 299197628
83    PHM4752.14   1 299989160
84    PZA00680.3   2   1094394
85     PHM4951.8   2   1187041
86    PHM5817.15   2   1269352
87    PHM1511.14   2   2496439
88   PHM13440.11   2   2539982
89   PZA00525.17   2   2540045
90     PHM5535.8   2   4056027
91    PZA00396.9   2   4692176
92    PZA00200.8   2   5819668
93     PHM3309.8   2   5839907
94    PZA02058.1   2   6374554
95   PZA01935.10   2   6474554
96    PHM5822.15   2  10516660
97   PZA00108.12   2  13851566
98    PZA01753.1   2  14836855
99    PZA02337.4   2  15580132
100   PZA03559.1   2  15890017
101   PZA00139.4   2  20200808
102    PHM6111.5   2  22068777
103   PHM1962.33   2  24814259
104   PZA00102.8   2  24969423
105   PHM14519.8   2  28599312
106   PZA00061.1   2  33346033
107   PZA00125.2   2  36210500
108   PZA00730.2   2  37867237
109   PZA00755.2   2  38867237
110   PHM10404.8   2  40503046
111  PHM10321.11   2  62924337
112    PHM3457.6   2  62925488
113  PHM4880.179   2 107189673
114   PZA00485.2   2 124057780
115    PHM3626.3   2 128406788
116  PZA02966.11   2 130956103
117   PHM4620.24   2 144729365
118  PHM13648.11   2 147310251
119   PZA01280.2   2 152235728
120   PZA01537.2   2 153794103
121   PZA03083.7   2 162471818
122   PZA00367.6   2 164724240
123   PZA01321.1   2 167417879
124    PHM635.23   2 170226698
125   PZA00637.4   2 172403167
126   PZA03659.1   2 176727540
127   PZA02890.4   2 190159942
128   PHM4196.27   2 193833170
129   PZA00824.2   2 196899634
130    PHM793.25   2 197594674
131   PHM3668.12   2 198455083
132   PHM7953.11   2 198859433
133   PZA02731.1   2 200086659
134  PHM16125.47   2 202311625
135   PZA00725.4   2 204879868
136   PHM2773.30   2 205606929
137    PHM424.13   2 208227064
138    PHM424.16   2 208227141
139   PZA02964.7   2 211288247
140   PZA00804.1   2 215089816
141   PZA02418.2   2 217658176
142   PZA00527.6   2 219860018
143   PZA00163.4   2 223310842
144   PZA02266.3   2 228860302
145   PZA02727.1   2 230934520
146   PZA00672.6   2 232004707
147   PHM3094.23   2 234722573
148   PZA00309.1   3   1298537
149   PZA00615.3   3   1885957
150   PZA02090.1   3   4189821
151   PZA03527.1   3   5985118
152   PZA00749.1   3   6926974
153  PHM15475.27   3   7412400
154   PZA01765.1   3   9806074
155   PHM4145.18   3  21368486
156   PHM2343.25   3  28334398
157  PZA00348.11   3  32780218
158   PHM13823.7   3  40322831
159   PHM15474.5   3  53890683
160   PZA00627.1   3  57089664
161   PZA02589.1   3  57656677
162   PHM5502.31   3  68056867
163   PHM7417.21   3  93184314
164   PZA00109.3   3 113066409
165  PHM15449.10   3 128792708
166   PHM1745.16   3 143898953
167   PHM4339.79   3 145730231
168   PZA00920.1   3 146643988
169   PHM4955.12   3 150730231
170   PZA00827.1   3 156790687
171  PHM13420.11   3 158513710
172   PHM9914.11   3 161257992
173   PZA02923.7   3 161729466
174   PZA00667.1   3 162743710
175   PZA01396.1   3 166377572
176   PHM2885.31   3 167473009
177   PHM1959.26   3 170110387
178   PZA02402.1   3 171444374
179   PHM17210.5   3 179994880
180   PZA00099.6   3 186432969
181   PZA00494.2   3 187930027
182   PZA01359.1   3 190777236
183    PHM351.36   3 191304770
184  PHM13673.53   3 194012127
185  PZA02952.10   3 196048525
186  PZA02299.16   3 199804131
187   PZA03011.6   3 203579387
188   PHM3688.14   3 205107723
189    PHM9672.9   3 206025285
190  PZA00220.11   3 208344179
191    PHM8828.7   3 209028048
192   PHM3352.19   3 210272863
193   PHM3342.31   3 217695856
194   PZA02665.2   3 218191148
195   PZA00219.7   3 220883383
196   PHM2672.19   3 221436056
197  PZA00234.19   3 223307664
198   PZA00817.2   3 223748206
199   PHM3852.15   3 225307903
200   PZA00143.5   3 226481779
201   PZA00088.3   3 230181537
202  PHM13174.18   3 230745827
203   PHM1971.20   4   2674983
204   PZA00216.2   4   2998982
205   PHM2438.28   4   3890893
206   PHM3963.33   4   5466292
207   PZA00436.7   4   6408499
208   PZA02358.1   4  11389227
209   PZA02138.1   4  11916439
210   PHM2518.28   4  12609493
211    PHM259.11   4  14351517
212    PHM8527.2   4  17330826
213   PZA00078.2   4  18682174
214    PHM2159.8   4  29128323
215   PZA02457.1   4  29170943
216  PZA03043.14   4  32245929
217    PHM3112.5   4  33118811
218  PHM15427.11   4  34019211
219   PHM5572.19   4  35547209
220   PZA01713.4   4  35547338
221   PZA01751.2   4  37348608
222    PHM3587.6   4  52098226
223   PHM1307.11   4  56312802
224   PZA02938.3   4  68402575
225   PZA00218.1   4  71640363
226   PZA00663.5   4 142160405
227   PHM1505.31   4 144043840
228   PZA02982.5   4 149276720
229  PZA00492.26   4 161070862
230   PHM9635.30   4 165673856
231   PZA00453.2   4 167190374
232   PZA01289.1   4 170517844
233   PHM3155.14   4 171376858
234   PZA01477.3   4 173210249
235   PHM2006.57   4 174596729
236   PHM3637.15   4 180672168
237  PZA02239.12   4 181212208
238  PHM14618.11   4 181229412
239   PHM3712.18   4 183672168
240  PZA02949.22   4 186040517
241   PZA00941.2   4 186483560
242  PZA00344.10   4 187355764
243   PZA00332.5   4 189042036
244   PHM4348.16   4 191767453
245   PZA00193.2   4 192205587
246   PZA01790.1   4 196513728
247   PZA01810.2   4 198078892
248   PZA02012.7   4 198508892
249   PZA02779.1   4 201462955
250   PHM1684.20   4 203402483
251   PZA01332.2   4 207265372
252   PZA00155.1   4 215267112
253   PZA00878.2   4 220606809
254   PZA00636.6   4 221270556
255  PZA00399.10   4 224036845
256   PZA02151.3   4 231727757
257   PHM5665.26   4 235165979
258   PZA00005.5   4 237391509
259  PHM4310.112   4 238471583
260   PZA00682.2   4 239370840
261  PZA02862.10   4 239413635
262   PHM4469.13   4 258471583
263    PHM662.27   5    190854
264   PZA01887.1   5    656148
265   PZA01983.1   5    686148
266  PZA00684.12   5    920922
267   PHM5359.10   5   3396978
268   PHM14671.9   5   5325811
269  PHM1899.157   5   6025811
270   PZA02462.1   5   6859778
271   PZA03036.6   5   7696725
272    PHM533.46   5   7996801
273   PHM9676.10   5  10102061
274   PZA03092.7   5  12038114
275   PZA00004.2   5  13621123
276   PZA00112.4   5  13721708
277   PZA01327.1   5  15138119
278  PHM13942.10   5  21583534
279  PZA02792.16   5  21893193
280    PHM565.31   5  24378385
281   PHM9009.13   5  29992271
282   PZA00934.2   5  30750567
283   PZA00981.3   5  37720441
284   PZA00449.2   5  38201854
285   PHM3691.18   5  38484956
286   PHM3691.15   5  38485027
287   PHM12992.5   5  39192429
288   PHM2769.43   5  58526636
289   PZA00522.7   5  58603576
290   PHM1870.20   5  60002398
291    PHM3171.5   5  62113519
292  PZA00345.15   5  62595345
293   PZA00472.2   5  63229797
294   PZA00395.2   5  65595345
295   PHM3402.11   5  66113519
296   PHM4165.14   5  66431937
297  PHM13675.18   5  67511629
298   PHM5798.39   5  71846725
299   PHM5805.19   5  73846725
300  PZA02818.10   5  78382083
301   PZA00881.1   5  98651459
302   PZA00524.2   5 133338936
303   PZA00573.3   5 160830866
304   PZA01796.1   5 160989981
305  PZA02965.13   5 164124311
306   PZA02981.2   5 167064846
307   PZA01294.1   5 169786154
308  PZA00255.15   5 170416067
309  PZA00300.11   5 172395314
310   PZA00987.1   5 172937146
311  PHM13696.11   5 176123957
312   PZA02633.4   5 180737094
313   PZA02209.2   5 181212208
314    PHM5296.6   5 181387545
315   PZA00603.1   5 184494852
316   PZA02383.1   5 189805227
317   PHM6386.11   5 190687854
318    PHM532.23   5 193730972
319  PZA03024.16   5 199380293
320  PZA02820.17   5 201667249
321  PHM3512.186   5 204322970
322     PHM563.9   5 206071997
323    PHM4349.6   5 207383126
324   PHM3612.19   5 213282020
325  PZA02817.15   5 215055578
326   PZA00069.4   5 215340163
327  PHM13639.13   5 215833552
328    PHM2865.8   5 216442657
329     PHM112.8   6   1853126
330  PHM15961.13   6   9498146
331   PZA00503.5   6  22667086
332   PZA00233.8   6  29640960
333  PZA03047.12   6  31412258
334  PZA03063.18   6  35896343
335   PZA00540.3   6  39892591
336  PZA03090.31   6  39896343
337   PZA00462.2   6  44008563
338   PZA00578.1   6  63950351
339   PHM1572.17   6  80972338
340   PZA00543.2   6  81692897
341   PHM8327.18   6  82967363
342  PZA00006.13   6  86257528
343   PHM12904.7   6  89827802
344   PZA00214.1   6  92813618
345   PHM8909.12   6  92994856
346   PZA00182.4   6 113558165
347   PZA02048.2   6 114741030
348  PHM13451.15   6 119200653
349   PZA00571.2   6 120640769
350  PHM13020.10   6 123770193
351   PZA00536.2   6 123777598
352   PZA00473.5   6 124146768
353  PHM12794.47   6 128202517
354   PZA01618.2   6 129664249
355   PZA01884.1   6 132064240
356   PZA02478.7   6 140913988
357   PZA00439.6   6 141610864
358   PZA02148.1   6 143696195
359   PZA02247.1   6 146378553
360  PHM11985.27   6 147224252
361   PZA01342.2   6 148634319
362   PZA01462.1   6 148734319
363  PZA02958.17   6 151822737
364   PHM15251.5   6 152973167
365   PHM15251.3   6 152973272
366   PZA01672.1   6 154345567
367  PHM4662.153   6 155238537
368  PZA03027.23   6 156520903
369   PHM5794.13   6 156592745
370    PHM597.18   6 157818801
371   PHM4748.16   6 158417337
372  PHM16607.11   6 160034541
373   PZA00266.5   6 161454751
374   PZA01468.1   6 161548253
375   PHM1956.90   6 161967258
376   PHM4978.27   6 162190171
377    PHM7922.8   6 163017460
378   PZA02688.2   6 163983562
379    PHM5529.4   6 167018795
380   PHM4468.13   6 167412802
381  PHM12706.14   6 212951055
382   PHM12693.8   6 224100648
383   PZA00188.1   7   2998218
384   PHM16788.6   7   5051781
385   PHM9241.13   7   5095621
386   PHM3078.12   7   6065421
387   PHM4135.15   7   6540311
388   PHM2691.31   7   8061708
389   PHM3676.33   7   8902751
390   PZA01613.1   7   9542868
391   PZA02872.1   7  13174365
392  PZA03067.17   7  14460265
393   PZA00398.4   7  15276709
394  PZA00256.27   7  17520294
395   PHM15501.9   7  30680938
396   PHM4353.31   7  34185670
397   PZA00153.3   7  36773777
398   PZA00084.2   7  41732007
399   PHM4818.15   7  79009776
400    PHM904.21   7  80166256
401   PZA03583.1   7 128404558
402   PZA01946.7   7 129350989
403   PZB00752.1   7 136868163
404  PHM9162.135   7 143410022
405   PZA00405.7   7 144129934
406   PZA02722.1   7 148850405
407   PZA00670.2   7 155360188
408   PZA00795.1   7 165102982
409    PHM3435.6   7 165748849
410   PHM7898.10   7 167715525
411  PHM10225.15   7 167937995
412   PZA00695.1   7 171232753
413  PZA00423.16   7 172769215
414   PZA00043.1   7 172926931
415  PZA00103.20   7 173489499
416  PHM2871.188   7 174759519
417  PZA02850.18   7 174836174
418   PHM5232.11   7 175197978
419   PZA00566.5   7 178769215
420   PZA02174.2   8   4176433
421   PHM4512.38   8   5161464
422   PZA01623.3   8   5161464
423   PZA00058.5   8   6023537
424    PHM2487.6   8   8119900
425   PHM5637.15   8  11504266
426   PZA02249.4   8  12285916
427   PHM1447.89   8  13592814
428   PHM5158.13   8  18226500
429  PHM1978.111   8  21824853
430   PHM2350.14   8  23959162
431   PHM2350.17   8  23959232
432    PHM4647.8   8  33285364
433    PHM191.18   8  52299429
434    PHM191.12   8  52299607
435   PHM3856.10   8  58534016
436   PZA00379.2   8  67381250
437    PHM4552.6   8  69594564
438   PZA01257.1   8  70512994
439   PHM11114.7   8  72628174
440   PHM5395.34   8  74531570
441   PZA01470.1   8  74531570
442   PZA03035.5   8  77590436
443   PHM1534.45   8  84067088
444    PHM5235.8   8  95638403
445   PZA00908.2   8 101178933
446    PHM934.19   8 118191641
447   PZA00045.1   8 118191980
448  PHM10525.11   8 126077546
449   PHM10525.9   8 126077689
450  PZA00049.12   8 134066246
451  PZA03005.19   8 135064974
452    PHM448.23   8 135091399
453  PHM15744.10   8 136129716
454   PZA02811.4   8 146120429
455   PHM4757.14   8 152754286
456   PHM4677.11   8 153864002
457   PZA00422.2   8 154682448
458   PZA00334.2   8 155483084
459  PHM12749.13   8 156372834
460   PHM15278.6   8 156724363
461   PZA00177.4   8 156772795
462   PZA02746.2   8 164376577
463   PHM4560.54   8 164859744
464   PZA00516.3   8 164866616
465   PZA00904.1   8 167092992
466    PHM765.24   8 168277938
467   PHM14046.9   8 170807917
468   PHM3337.23   8 172012936
469   PHM3312.23   8 172223510
470   PHM2749.10   8 172948568
471   PZA02281.3   8 173408262
472   PZA03062.7   9   3927845
473  PHM11946.17   9   9967813
474    PHM1218.6   9  11501400
475   PZA01386.3   9  12345938
476   PZA02344.1   9  13772771
477   PHM5181.10   9  15614737
478   PHM4720.12   9  17000795
479    PHM229.15   9  30074592
480  PHM18887.12   9  38399313
481   PZA00588.2   9  61356589
482   PZA01791.2   9  81015267
483   PZA00653.5   9  92314890
484  PHM13183.12   9 107796811
485   PZA00060.2   9 129011584
486  PZA00213.19   9 130918999
487  PZA00568.19   9 133422395
488   PZA01866.1   9 133886984
489    PHM4905.6   9 133887576
490   PZA00311.4   9 134918999
491    PHM7916.4   9 137161060
492    PHM1766.1   9 140774640
493    PHM816.25   9 146459068
494    PHM816.29   9 146459179
495  PHM11226.13   9 146673078
496   PZA00323.3   9 146915036
497   PZA01715.1   9 147377897
498   PZA00511.3   9 147513462
499   PHM4303.16   9 150813145
500  PHM1911.173   9 152862048
501  PHM13681.12   9 153037306
502   PHM3631.47  10   4666194
503   PHM2828.83  10   6594058
504    PHM5740.9  10   9223809
505   PZA01451.1  10   9378309
506   PHM1752.36  10  10194793
507  PHM15331.16  10  10882576
508   PZA00463.3  10  13493461
509    PHM3896.9  10  14645128
510   PHM3922.32  10  17678972
511   PZA00310.5  10  20409576
512  PZA02945.10  10  33616626
513  PZA02948.21  10  35616626
514   PHM1812.32  10  38534301
515   PHM3931.17  10  41327504
516    PHM8352.4  10  45704638
517   PZA00562.4  10  61954391
518   PHM1155.14  10  62250048
519   PHM2770.19  10  72807075
520   PZA02167.2  10  78053038
521   PZA00587.3  10  84610447
522   PZA00337.3  10  86424870
523  PZA02993.14  10 106792714
524  PHM12625.18  10 106794844
525   PHM18195.6  10 106953191
526   PZA01292.1  10 109804242
527   PHM1576.25  10 124525694
528   PZA00647.9  10 130080970
529   PZA01456.2  10 136296385
530 PHM18513.156  10 136941040
531   PZA02519.7  10 142184145
532   PZA00130.9  10 143674115
533   PZA02969.9  10 144061151
534   PZA02049.1  10 144469845
535   PZA01073.1  10 144982565
536   PHM3844.14  10 147014726
537   PHM3736.11  10 148237147
538  PHM10750.26  10 148816589
539   PHM1506.23  10 148972756